30.000000 122.000000
30.000000 122.000000
30.000000 122.000000
30.000000 121.000000
30.000000 120.000000
30.000000 120.000000
30.000000 119.000000
30.000000 118.000000
30.000000 117.000000
30.000000 116.000000
30.000000 115.000000
30.000000 114.000000
31.000000 113.000000
31.000000 112.000000
31.000000 111.000000
31.000000 109.000000
31.000000 108.000000
31.000000 106.000000
31.000000 105.000000
31.000000 103.000000
31.000000 101.000000
31.000000 100.000000
31.000000 98.000000
30.000000 96.000000
30.000000 94.000000
30.000000 93.000000
29.000000 91.000000
29.000000 89.000000
29.000000 88.000000
28.000000 86.000000
28.000000 84.000000
28.000000 82.000000
28.000000 81.000000
28.000000 79.000000
28.000000 77.000000
29.000000 76.000000
29.000000 74.000000
29.000000 72.000000
29.000000 70.000000
29.000000 69.000000
29.000000 67.000000
29.000000 65.000000
29.000000 64.000000
29.000000 62.000000
29.000000 60.000000
28.000000 59.000000
28.000000 57.000000
28.000000 55.000000
28.000000 53.000000
28.000000 52.000000
28.000000 50.000000
28.000000 48.000000
28.000000 46.000000
28.000000 44.000000
29.000000 43.000000
29.000000 41.000000
29.000000 39.000000
29.000000 38.000000
29.000000 36.000000
29.000000 34.000000
28.000000 33.000000
28.000000 32.000000
28.000000 31.000000
27.000000 30.000000
27.000000 29.000000
26.000000 28.000000
26.000000 28.000000
26.000000 28.000000
27.000000 27.000000
27.000000 27.000000
28.000000 27.000000
28.000000 28.000000
29.000000 28.000000
29.000000 28.000000
29.000000 29.000000
29.000000 29.000000
29.000000 30.000000
29.000000 30.000000
29.000000 30.000000
29.000000 30.000000
